v	B
2600.042324	47.91711524
2598.667513	48.24824625
2597.294155	48.57456786
2595.922248	48.89282127
2594.55179	49.19963025
2593.182778	49.4915307
2591.815209	49.76500273
2590.449083	50.01650528
2589.084396	50.2425127
2587.721146	50.43955321
2586.359331	50.60424858
2584.998948	50.73335488
2583.639996	50.82380369
2582.282472	50.87274337
2580.926373	50.87757985
2579.571699	50.83601655
2578.218445	50.74609283
2576.866611	50.60622042
2575.516193	50.41521748
2574.16719	50.17233964
2572.8196	49.87730766
2571.47342	49.53033117
2570.128648	49.13212812
2568.785281	48.68393953
2567.443318	48.18753921
2566.102757	47.64523818
2564.763595	47.05988344
2563.425829	46.4348511
2562.089459	45.77403352
2560.754481	45.08182055
2559.420894	44.36307491
2558.088695	43.6231016
2556.757882	42.86761173
2555.428453	42.10268075
2554.100405	41.3347016
2552.773738	40.57033294
2551.448448	39.81644305
2550.124533	39.08004972
2548.801991	38.36825684
2547.480821	37.68818814
2546.16102	37.04691885
2544.842585	36.45140589
2543.525515	35.90841734
2542.209808	35.42446192
2540.895461	35.00571926
2539.582472	34.65797177
2538.27084	34.38653883
2536.960562	34.19621409
2535.651636	34.09120665
2534.344059	34.07508684
2533.037831	34.15073726
2531.732949	34.32030982
2530.42941	34.58518926
2529.127213	34.94596371
2527.826355	35.4024029
2526.526835	35.95344414
2525.228651	36.59718668
2523.9318	37.33089445
2522.63628	38.15100744
2521.342089	39.05316171
2520.049226	40.03221798
2518.757688	41.08229872
2517.467473	42.19683334
2516.178579	43.36861134
2514.891004	44.58984282
2513.604746	45.85222586
2512.319804	47.14702028
2511.036174	48.46512689
2509.753856	49.79717162
2508.472846	51.13359365
2507.193144	52.46473667
2505.914746	53.78094225
2504.637652	55.07264446
2503.361858	56.33046474
2502.087364	57.54530582
2500.814166	58.70844392
2499.542264	59.81161807
2498.271655	60.84711548
2497.002337	61.80785221
2495.734308	62.68744796
2494.467567	63.48029431
2493.20211	64.18161546
2491.937937	64.78752076
2490.675046	65.29504841
2489.413433	65.7021997
2488.153098	66.00796339
2486.894039	66.21232973
2485.636253	66.31629402
2484.379739	66.32184946
2483.124495	66.23196933
2481.870518	66.05057844
2480.617807	65.78251432
2479.366361	65.43347821
2478.116176	65.0099765
2476.867251	64.51925294
2475.619585	63.96921263
2474.373175	63.36833813
2473.128019	62.72559887
2471.884116	62.05035469
2470.641464	61.3522544
2469.40006	60.64113061
2468.159904	59.92689191
2466.920992	59.21941344
2465.683323	58.52842716
2464.446896	57.86341306
2463.211708	57.23349231
2461.977758	56.64732382
2460.745043	56.11300504
2459.513562	55.63797849
2458.283313	55.22894474
2457.054295	54.89178309
2455.826504	54.63148072
2454.59994	54.45207126
2453.374601	54.35658339
2452.150484	54.34700021
2450.927588	54.4242299
2449.705912	54.58808787
2448.485452	54.83729099
2447.266209	55.16946372
2446.048178	55.58115631
2444.83136	56.06787498
2443.615752	56.62412364
2442.401352	57.24345691
2441.188158	57.91854389
2439.976169	58.64124199
2438.765383	59.4026801
2437.555798	60.19335025
2436.347412	61.00320675
2435.140224	61.82177186
2433.934231	62.63824668
2432.729433	63.44162638
2431.525826	64.22081819
2430.32341	64.96476113
2429.122183	65.66254609
2427.922142	66.30353491
2426.723287	66.87747734
2425.525614	67.37462432
2424.329124	67.78583668
2423.133813	68.10268777
2421.939681	68.31755908
2420.746724	68.42372773
2419.554943	68.41544488
2418.364334	68.28800415
2417.174897	68.0377994
2415.986629	67.66237114
2414.799528	67.16044101
2413.613594	66.53193407
2412.428824	65.7779886
2411.245216	64.9009532
2410.06277	63.90437134
2408.881482	62.79295346
2407.701352	61.5725369
2406.522378	60.2500341
2405.344558	58.8333697
2404.16789	57.33140705
2402.992372	55.7538651
2401.818004	54.11122644
2400.644783	52.41463758
2399.472708	50.67580239
2398.301776	48.90687006
2397.131987	47.12031861
2395.963339	45.32883521
2394.795829	43.54519474
2393.629456	41.78213766
2392.46422	40.05224872
2391.300117	38.36783752
2390.137146	36.74082253
2388.975306	35.18261938
2387.814595	33.70403497
2386.655012	32.31516817
2385.496554	31.02531835
2384.33922	29.84290258
2383.183008	28.77538224
2382.027918	27.82919997
2380.873946	27.0097273
2379.721092	26.32122372
2378.569354	25.76680721
2377.418731	25.34843679
2376.26922	25.06690696
2375.12082	24.92185399
2373.973529	24.91177408
2372.827346	25.0340528
2371.68227	25.28500564
2370.538298	25.65992903
2369.39543	26.15316111
2368.253662	26.75815158
2367.112995	27.46753981
2365.973426	28.27324018
2364.834953	29.16653368
2363.697576	30.13816477
2362.561292	31.1784423
2361.4261	32.2773434
2360.291999	33.42461918
2359.158986	34.609901
2358.027061	35.82280622
2356.896221	37.05304224
2355.766465	38.29050776
2354.637792	39.52539007
2353.5102	40.7482575
2352.383688	41.95014601
2351.258253	43.12263904
2350.133894	44.25793986
2349.010611	45.34893567
2347.888401	46.38925302
2346.767262	47.37330383
2345.647194	48.29632188
2344.528194	49.1543893
2343.410261	49.94445309
2342.293394	50.66433158
2341.177591	51.31271087
2340.062851	51.88913153
2338.949172	52.39396585
2337.836552	52.8283861
2336.72499	53.19432415
2335.614485	53.49442331
2334.505035	53.73198288
2333.396638	53.91089626
2332.289294	54.03558343
2331.183	54.11091867
2330.077755	54.14215448
2328.973557	54.13484261
2327.870405	54.09475323
2326.768298	54.02779313
2325.667235	53.93992404
2324.567212	53.83708199
2323.46823	53.7250986
2322.370286	53.60962527
2321.27338	53.49606112
2320.177509	53.38948544
2319.082673	53.2945954
2317.988869	53.21564974
2316.896097	53.1564189
2315.804354	53.12014224
2314.71364	53.10949264
2313.623953	53.12654883
2312.535291	53.17277575
2311.447653	53.24901291
2310.361038	53.35547093
2309.275444	53.4917361
2308.19087	53.65678282
2307.107314	53.84899369
2306.024775	54.06618689
2304.943251	54.30565042
2303.862741	54.56418276
2302.783244	54.83813929
2301.704758	55.123484
2300.627282	55.41584562
2299.550814	55.71057764
2298.475353	56.00282133
2297.400898	56.28757108
2296.327446	56.55974123
2295.254997	56.81423349
2294.18355	57.0460044
2293.113102	57.25013175
2292.043653	57.42187945
2290.9752	57.55675995
2289.907744	57.65059358
2288.841282	57.69956414
2287.775812	57.70027023
2286.711334	57.64977156
2285.647847	57.54563006
2284.585348	57.38594508
2283.523836	57.16938259
2282.46331	56.89519794
2281.403769	56.56325209
2280.345212	56.17402116
2279.287636	55.72859919
2278.23104	55.22869436
2277.175424	54.67661847
2276.120785	54.07527016
2275.067123	53.4281119
2274.014436	52.7391412
2272.962723	52.01285629
2271.911982	51.2542168
2270.862212	50.46859986
2269.813412	49.66175207
2268.76558	48.83973804
2267.718715	48.00888591
2266.672816	47.17573048
2265.627881	46.34695468
2264.583909	45.52932981
2263.540899	44.72965525
2262.498849	43.95469833
2261.457758	43.21113476
2260.417625	42.50549035
2259.378448	41.84408453
2258.340226	41.23297615
2257.302958	40.67791207
2256.266642	40.184279
2255.231278	39.75705896
2254.196863	39.40078874
2253.163396	39.11952365
2252.130877	38.91680585
2251.099304	38.79563739
2250.068675	38.75845823
2249.03899	38.80712921
2248.010246	38.9429202
2246.982443	39.16650318
2245.95558	39.4779505
2244.929655	39.87673797
2243.904666	40.36175282
2242.880613	40.93130626
2241.857495	41.58315046
2240.835309	42.31449976
2239.814055	43.12205569
2238.793732	44.00203568
2237.774337	44.95020499
2236.755871	45.96191162
2235.738331	47.03212381
2234.721717	48.15546974
2233.706027	49.32627909
2232.691259	50.53862615
2231.677413	51.78637396
2230.664488	53.0632193
2229.652482	54.362738
2228.641393	55.6784304
2227.631221	57.00376641
2226.621964	58.33223014
2225.613622	59.65736347
2224.606192	60.9728086
2223.599674	62.27234904
2222.594067	63.54994898
2221.589368	64.79979082
2220.585577	66.01631044
2219.582694	67.19423036
2218.580715	68.32859041
2217.579641	69.41477576
2216.57947	70.44854235
2215.5802	71.42603951
2214.581831	72.34382971
2213.584362	73.19890536
2212.58779	73.98870269
2211.592116	74.71111257
2210.597337	75.36448837
2209.603453	75.94765079
2208.610462	76.45988961
2207.618363	76.90096262
2206.627155	77.27109142
2205.636837	77.57095446
2204.647407	77.8016772
2203.658865	77.96481942
2202.671208	78.06235997
2201.684437	78.09667878
2200.698549	78.07053643
2199.713544	77.98705128
2198.72942	77.84967432
2197.746177	77.66216184
2196.763812	77.4285461
2195.782325	77.15310407
2194.801715	76.84032452
2193.82198	76.4948735
2192.84312	76.12155851
2191.865132	75.72529145
2190.888017	75.3110507
2189.911773	74.88384238
2188.936398	74.44866114
2187.961891	74.01045077
2186.988252	73.57406468
2186.015479	73.14422675
2185.043571	72.72549273
2184.072527	72.32221241
2183.102345	71.93849293
2182.133025	71.57816358
2181.164566	71.24474219
2180.196966	70.94140363
2179.230223	70.67095053
2178.264338	70.43578669
2177.299309	70.23789324
2176.335134	70.07880805
2175.371813	69.95960843
2174.409344	69.88089755
2173.447727	69.84279461
2172.48696	69.84492911
2171.527041	69.88643929
2170.567971	69.96597487
2169.609747	70.08170425
2168.65237	70.23132616
2167.695836	70.41208583
2166.740146	70.62079567
2165.785299	70.85386033
2164.831292	71.1073061
2163.878126	71.37681453
2162.925799	71.65775993
2161.974309	71.94525073
2161.023657	72.23417416
2160.07384	72.51924418
2159.124857	72.79505208
2158.176708	73.05611946
2157.229392	73.2969531
2156.282906	73.51210125
2155.337251	73.69621084
2154.392425	73.84408505
2153.448427	73.9507407
2152.505256	74.0114649
2151.56291	74.02187038
2150.62139	73.97794888
2149.680693	73.87612204
2148.740818	73.71328931
2147.801766	73.4868721
2146.863533	73.19485388
2145.92612	72.83581561
2144.989525	72.40896596
2144.053747	71.91416606
2143.118786	71.35194823
2142.18464	70.72352847
2141.251307	70.0308124
2140.318788	69.27639437
2139.38708	68.46354974
2138.456183	67.59622009
2137.526096	66.67899149
2136.596818	65.7170658
2135.668347	64.71622518
2134.740683	63.68279001
2133.813824	62.62357059
2132.88777	61.54581283
2131.96252	60.45713849
2131.038071	59.36548046
2130.114424	58.27901357
2129.191578	57.20608158
2128.269531	56.15512114
2127.348282	55.13458325
2126.42783	54.15285312
2125.508174	53.21816916
2124.589314	52.33854199
2123.671247	51.52167418
2122.753974	50.77488169
2121.837492	50.10501777
2120.921802	49.51840018
2120.006902	49.02074247
2119.092791	48.61709024
2118.179467	48.31176295
2117.266931	48.10830203
2116.35518	48.00942603
2115.444215	48.01699314
2114.534033	48.13197183
2113.624634	48.35441991
2112.716018	48.68347223
2111.808182	49.11733757
2110.901125	49.65330454
2109.994848	50.28775682
2109.089349	51.01619746
2108.184626	51.83328238
2107.280679	52.73286255
2106.377507	53.70803474
2105.475109	54.75120029
2104.573484	55.85413144
2103.672631	57.00804461
2102.772548	58.20367992
2101.873236	59.43138624
2100.974692	60.68121087
2100.076917	61.94299311
2099.179908	63.20646058
2098.283665	64.46132756
2097.388187	65.69739414
2096.493473	66.9046453
2095.599522	68.07334879
2094.706334	69.19415093
2093.813906	70.25816914
2092.922238	71.25708037
2092.03133	72.18320439
2091.141179	73.02958113
2090.251786	73.79004106
2089.363149	74.45926813
2088.475268	75.03285421
2087.58814	75.5073447
2086.701766	75.88027469
2085.816145	76.15019518
2084.931274	76.31668916
2084.047155	76.38037722
2083.163784	76.34291271
2082.281163	76.20696632
2081.399288	75.97620027
2080.518161	75.65523238
2079.637779	75.24959029
2078.758142	74.76565629
2077.879249	74.2106033
2077.001099	73.59232274
2076.12369	72.91934483
2075.247023	72.20075239
2074.371096	71.44608872
2073.495908	70.66526084
2072.621457	69.86843881
2071.747745	69.06595238
2070.874768	68.26818594
2070.002527	67.48547287
2069.131021	66.72799049
2068.260247	66.00565655
2067.390207	65.32802852
2066.520898	64.70420662
2065.65232	64.14274161
2064.784472	63.65154837
2063.917353	63.23782611
2063.050961	62.90798609
2062.185297	62.6675875
2061.320359	62.52128235
2060.456146	62.47276973
2059.592658	62.52475999
2058.729893	62.67894927
2057.86785	62.93600447
2057.006529	63.29555893
2056.145929	63.75621877
2055.286049	64.31557977
2054.426887	64.97025466
2053.568444	65.7159104
2052.710718	66.54731515
2051.853707	67.45839424
2050.997413	68.44229463
2050.141832	69.49145715
2049.286965	70.59769563
2048.432811	71.75228218
2047.579368	72.94603753
2046.726637	74.16942567
2045.874615	75.41265155
2045.023302	76.66576097
2044.172698	77.91874144
2043.322801	79.16162311
2042.47361	80.38457853
2041.625125	81.57802035
2040.777344	82.73269585
2039.930267	83.83977733
2039.083893	84.89094748
2038.238222	85.87847888
2037.393251	86.79530671
2036.548981	87.63509411
2035.70541	88.39228949
2034.862537	89.06217526
2034.020363	89.64090745
2033.178885	90.12554611
2032.338103	90.51407597
2031.498016	90.80541747
2030.658623	90.99942794
2029.819924	91.09689315
2028.981917	91.09950943
2028.144602	91.0098564
2027.307978	90.8313611
2026.472044	90.56825361
2025.636798	90.22551494
2024.802241	89.80881775
2023.968372	89.32446064
2023.135189	88.77929677
2022.302691	88.1806576
2021.470879	87.53627267
2020.63975	86.85418629
2019.809305	86.14267205
2018.979542	85.41014615
2018.15046	84.66508036
2017.322059	83.91591568
2016.494338	83.1709775
2015.667296	82.43839324
2014.840931	81.72601314
2014.015245	81.04133525
2013.190234	80.39143513
2012.3659	79.78290098
2011.54224	79.22177502
2010.719254	78.71350127
2009.896941	78.26288056
2009.0753	77.8740329
2008.254331	77.55036756
2007.434033	77.29456109
2006.614405	77.10854333
2005.795445	76.99349146
2004.977154	76.94983198
2004.15953	76.97725049
2003.342573	77.07470905
2002.526281	77.24047074
2001.710655	77.47213103
2000.895693	77.7666556
2000.081393	78.12042395
1999.267757	78.52927831
1998.454782	78.98857717
1997.642468	79.49325284
1996.830814	80.03787225
1996.01982	80.61670035
1995.209484	81.22376537
1994.399805	81.8529251
1993.590784	82.49793362
1992.782418	83.15250765
1991.974708	83.8103918
1991.167653	84.4654221
1990.361251	85.1115872
1989.555502	85.74308647
1988.750405	86.35438465
1987.945959	86.94026243
1987.142164	87.49586244
1986.339019	88.01673051
1985.536522	88.49885155
1984.734674	88.93868007
1983.933473	89.33316496
1983.132919	89.67976853
1982.333011	89.97647964
1981.533747	90.22182103
1980.735128	90.41485086
1979.937153	90.55515866
1979.13982	90.64285572
1978.343129	90.67856048
1977.547079	90.66337886
1976.751669	90.59888017
1975.956899	90.48706882
1975.162768	90.33035237
1974.369275	90.13150621
1973.57642	89.89363559
1972.7842	89.62013529
1971.992617	89.31464751
1971.201669	88.98101849
1970.411354	88.62325445
1969.621674	88.24547719
1968.832626	87.85187997
1968.04421	87.44668412
1967.256425	87.03409678
1966.46927	86.61827025
1965.682745	86.2032633
1964.89685	85.79300483
1964.111582	85.39126014
1963.326942	85.00160014
1962.542928	84.62737372
1961.75954	84.27168339
1960.976778	83.93736448
1960.194639	83.62696784
1959.413125	83.34274619
1958.632233	83.0866441
1957.851964	82.8602915
1957.072316	82.66500079
1956.293289	82.50176729
1955.514881	82.37127292
1954.737093	82.273893
1953.959924	82.20970585
1953.183372	82.17850503
1952.407437	82.17981392
1951.632118	82.21290241
1950.857415	82.27680536
1950.083327	82.37034259
1949.309852	82.49214001
1948.536992	82.64065177
1947.764743	82.81418286
1946.993107	83.01091214
1946.222081	83.22891536
1945.451667	83.46618795
1944.681861	83.72066733
1943.912665	83.99025448
1943.144077	84.27283464
1942.376097	84.56629687
1941.608723	84.86855233
1940.841956	85.17755115
1940.075793	85.49129785
1939.310236	85.80786506
1938.545282	86.12540564
1937.780932	86.44216309
1937.017184	86.7564803
1936.254038	87.06680655
1935.491493	87.37170294
1934.729549	87.66984616
1933.968204	87.96003082
1933.207458	88.24117035
1932.44731	88.51229653
1931.68776	88.77255794
1930.928807	89.02121727
1930.17045	89.25764774
1929.412688	89.48132868
1928.655522	89.69184059
1927.898949	89.8888595
1927.142969	90.07215116
1926.387582	90.24156484
1925.632787	90.39702707
1924.878584	90.5385354
1924.124971	90.66615221
1923.371947	90.77999876
1922.619513	90.88024948
1921.867668	90.96712661
1921.11641	91.04089529
1920.365739	91.10185897
1919.615655	91.15035543
1918.866156	91.18675309
1918.117243	91.21144798
1917.368914	91.224861
1916.621168	91.22743574
1915.874006	91.2196366
1915.127426	91.20194728
1914.381427	91.17486961
1913.63601	91.13892256
1912.891172	91.09464148
1912.146915	91.04257736
1911.403236	90.98329622
1910.660135	90.91737847
1909.917612	90.84541806
1909.175666	90.76802165
1908.434296	90.68580747
1907.693502	90.59940392
1906.953283	90.50944792
1906.213637	90.41658289
1905.474566	90.3214564
1904.736067	90.22471746
1903.99814	90.1270134
1903.260785	90.0289864
1902.524001	89.9312697
1901.787787	89.83448349
1901.052143	89.73923046
1900.317068	89.64609122
1899.58256	89.55561946
1898.848621	89.46833703
1898.115248	89.38472903
1897.382442	89.30523884
1896.650201	89.23026337
1895.918525	89.1601485
1895.187413	89.09518469
1894.456865	89.03560316
1893.72688	88.98157237
1892.997458	88.9331951
1892.268597	88.89050613
1891.540297	88.85347058
1890.812558	88.82198303
1890.085378	88.79586739
1889.358757	88.77487758
1888.632695	88.75869912
1887.907191	88.74695154
1887.182244	88.73919172
1886.457854	88.73491806
1885.734019	88.7335755
1885.010739	88.73456137
1884.288015	88.73723203
1883.565844	88.74091015
1882.844226	88.74489268
1882.123162	88.74845935
1881.402649	88.75088162
1880.682688	88.75143202
1879.963277	88.74939366
1879.244417	88.74406997
1878.526107	88.73479433
1877.808345	88.72093968
1877.091131	88.70192784
1876.374465	88.67723843
1875.658347	88.64641736
1874.942774	88.60908465
1874.227748	88.56494155
1873.513266	88.51377683
1872.799329	88.4554721
1872.085936	88.39000614
1871.373087	88.31745812
1870.66078	88.23800969
1869.949015	88.1519458
1869.237791	88.05965435
1868.527108	87.96162452
1867.816966	87.85844386
1867.107363	87.75079415
1866.398299	87.639446
1865.689773	87.5252523
1864.981785	87.40914058
1864.274334	87.29210424
1863.56742	87.17519299
1862.861042	87.05950226
1862.155199	86.94616207
1861.44989	86.83632514
1860.745116	86.73115462
1860.040875	86.63181147
1859.337167	86.53944169
1858.633991	86.45516342
1857.931347	86.38005433
1857.229234	86.31513913
1856.527652	86.26137758
1855.826599	86.21965309
1855.126076	86.19076198
1854.426081	86.17540361
1853.726614	86.1741715
1853.027675	86.18754549
1852.329263	86.21588512
1851.631377	86.25942421
1850.934016	86.3182669
1850.237181	86.3923849
1849.54087	86.48161639
1848.845083	86.58566616
1848.149819	86.70410737
1847.455079	86.83638465
1846.76086	86.98181869
1846.067162	87.13961213
1845.373986	87.30885681
1844.68133	87.48854221
1843.989194	87.67756506
1843.297577	87.8747399
1842.606479	88.07881066
1841.915898	88.28846293
1841.225835	88.50233688
1840.536289	88.71904071
1839.84726	88.93716443
1839.158746	89.1552938
1838.470747	89.37202432
1837.783262	89.58597512
1837.096292	89.7958025
1836.409835	90.00021311
1835.723891	90.1979765
1835.038459	90.38793698
1834.353538	90.56902462
1833.669129	90.74026527
1832.98523	90.90078955
1832.301842	91.0498406
1831.618962	91.18678065
1830.936592	91.31109623
1830.25473	91.42240199
1829.573375	91.5204432
1828.892528	91.60509675
1828.212187	91.67637073
1827.532352	91.73440263
1826.853022	91.77945617
1826.174197	91.81191671
1825.495877	91.83228551
1824.81806	91.84117264
1824.140747	91.83928893
1823.463936	91.82743674
1822.787627	91.80649994
1822.11182	91.77743308
1821.436513	91.7412498
1820.761707	91.69901085
1820.087401	91.65181157
1819.413594	91.60076924
1818.740286	91.54701024
1818.067476	91.49165723
1817.395163	91.43581654
1816.723348	91.38056582
1816.052029	91.32694216
1815.381206	91.27593076
1814.710878	91.22845425
1814.041045	91.18536281
1813.371707	91.14742522
1812.702862	91.11532081
1812.034511	91.08963254
1811.366652	91.07084113
1810.699285	91.05932043
1810.03241	91.05533396
1809.366026	91.05903268
1808.700132	91.07045405
1808.034729	91.08952232
1807.369815	91.11605007
1806.705389	91.14974091
1806.041452	91.19019345
1805.378003	91.23690632
1804.715041	91.28928424
1804.052566	91.34664514
1803.390577	91.40822815
1802.729073	91.47320242
1802.068055	91.54067663
1801.407521	91.60970916
1800.747472	91.67931875
1800.087906	91.74849554
1799.428822	91.81621242
1798.770222	91.88143654
1798.112103	91.94314079
1797.454466	92.00031536
1796.797309	92.05197891
1796.140633	92.09718965
1795.484437	92.13505582
1794.82872	92.16474578
1794.173481	92.1854974
1793.518721	92.19662682
1792.864439	92.19753635
1792.210634	92.18772153
1791.557305	92.16677722
1790.904453	92.13440276
1790.252076	92.09040596
1789.600175	92.03470614
1788.948748	91.96733589
1788.297795	91.88844185
1787.647316	91.79828421
1786.997309	91.69723514
1786.347776	91.58577599
1785.698714	91.46449351
1785.050123	91.33407481
1784.402004	91.19530145
1783.754355	91.04904236
1783.107177	90.89624601
1782.460467	90.73793151
1781.814227	90.57517913
1781.168455	90.40911994
1780.52315	90.24092493
1779.878314	90.0717936
1779.233944	89.90294211
1778.590041	89.73559113
1777.946603	89.57095355
1777.303631	89.41022198
1776.661124	89.25455647
1776.019081	89.1050722
1775.377502	88.96282755
1774.736386	88.82881256
1774.095733	88.70393785
1773.455543	88.58902416
1772.815814	88.4847927
1772.176547	88.39185621
1771.537741	88.31071108
1770.899395	88.24173039
1770.261509	88.18515816
1769.624082	88.14110472
1768.987114	88.10954338
1768.350604	88.09030841
1767.714553	88.08309436
1767.078959	88.08745684
1766.443821	88.10281467
1765.809141	88.12845349
1765.174916	88.16353076
1764.541146	88.20708228
1763.907831	88.25802994
1763.274971	88.31519094
1762.642565	88.37728823
1762.010612	88.44296213
1761.379113	88.51078309
1760.748065	88.57926552
1760.11747	88.64688237
1759.487326	88.71208063
1758.857634	88.77329737
1758.228392	88.82897628
1757.599599	88.87758455
1756.971257	88.91762984
1756.343364	88.94767731
1755.715919	88.96636636
1755.088922	88.97242701
1754.462373	88.96469573
1753.836272	88.94213048
1753.210616	88.90382477
1752.585408	88.84902061
1751.960645	88.77712019
1751.336327	88.68769605
1750.712454	88.58049958
1750.089025	88.4554678
1749.46604	88.31272824
1748.843499	88.15260171
1748.2214	87.97560305
1747.599744	87.78243961
1746.97853	87.57400752
1746.357757	87.35138562
1745.737425	87.11582714
1745.117534	86.86874907
1744.498083	86.61171931
1743.879072	86.34644157
1743.260499	86.07473833
1742.642366	85.79853164
1742.02467	85.51982231
1741.407413	85.24066729
1740.790592	84.96315566
1740.174209	84.68938341
1739.558261	84.42142718
1738.94275	84.16131727
1738.327674	83.91101022
1737.713033	83.67236119
1737.098827	83.44709647
1736.485054	83.23678649
1735.871715	83.0428195
1735.258809	82.86637647
1734.646336	82.70840722
1734.034295	82.56960848
1733.422686	82.45040377
1732.811508	82.3509258
1732.200761	82.27100132
1731.590445	82.21013893
1730.980558	82.16751998
1730.371101	82.14199274
1729.762072	82.13207018
1729.153473	82.13593123
1728.545301	82.15142602
1727.937557	82.17608475
1727.33024	82.20713062
1726.72335	82.24149652
1726.116887	82.27584562
1725.510849	82.30659565
1724.905237	82.32994687
1724.300049	82.34191337
1723.695286	82.3383577
1723.090947	82.31502835
1722.487032	82.26759995
1721.88354	82.19171576
1721.280471	82.08303212
1720.677824	81.93726441
1720.075598	81.75023411
1719.473795	81.51791651
1718.872412	81.2364886
1718.27145	80.90237658
1717.670907	80.51230254
1717.070785	80.06332985
1716.471081	79.55290656
1715.871797	78.97890657
1715.27293	78.33966787
1714.674482	77.63402742
1714.076451	76.86135227
1713.478837	76.02156651
1712.881639	75.11517352
1712.284858	74.14327333
1711.688493	73.1075747
1711.092542	72.01040161
1710.497007	70.85469414
1709.901886	69.64400332
1709.307179	68.38248006
1708.712885	67.07485804
1708.119005	65.72643063
1707.525537	64.34302183
1706.932481	62.93095154
1706.339838	61.49699519
1705.747605	60.04833823
1705.155784	58.59252553
1704.564373	57.13740644
1703.973372	55.69107563
1703.382781	54.26181037
1702.792599	52.85800488
1702.202826	51.48810211
1701.613462	50.16052378
1701.024505	48.88359926
1700.435956	47.66549392
1699.847814	46.51413775
1699.260079	45.43715486
1698.67275	44.44179457
1698.085827	43.5348649
1697.499309	42.72266899
1696.913197	42.01094521
1696.327489	41.40481161
1695.742185	40.90871519
1695.157285	40.52638674
1694.572788	40.26080161
1693.988694	40.11414684
1693.405003	40.08779526
1692.821714	40.18228661
1692.238827	40.39731613
1691.65634	40.73173075
1691.074255	41.18353301
1690.49257	41.74989264
1689.911285	42.42716592
1689.3304	43.21092257
1688.749914	44.09597998
1688.169827	45.0764446
1687.590138	46.14575994
1687.010847	47.29676095
1686.431954	48.52173413
1685.853458	49.81248295
1685.275358	51.16039783
1684.697655	52.55653005
1684.120348	53.99166899
1683.543437	55.4564217
1682.96692	56.94129436
1682.390798	58.43677447
1681.815071	59.93341327
1681.239737	61.42190733
1680.664797	62.89317864
1680.09025	64.33845242
1679.516096	65.74933172
1678.942334	67.1178682
1678.368964	68.43662842
1677.795985	69.69875478
1677.223398	70.89802073
1676.651201	72.02887961
1676.079394	73.08650655
1675.507978	74.06683325
1674.93695	74.96657507
1674.366312	75.78325035
1673.796063	76.51519173
1673.226202	77.16154936
1672.656729	77.72228612
1672.087643	78.19816476
1671.518944	78.59072732
1670.950632	78.902267
1670.382707	79.13579278
1669.815167	79.29498728
1669.248013	79.38415836
1668.681244	79.40818489
1668.11486	79.37245741
1667.54886	79.28281437
1666.983244	79.14547453
1666.418012	78.96696636
1665.853162	78.75405519
1665.288696	78.51366895
1664.724612	78.25282318
1664.16091	77.97854631
1663.59759	77.69780576
1663.034651	77.41743592
1662.472093	77.14406854
1661.909915	76.88406639
1661.348117	76.64346082
1660.786699	76.42789385
1660.22566	76.24256539
1659.665001	76.09218613
1659.104719	75.98093649
1658.544816	75.912432
1657.985291	75.88969558
1657.426143	75.91513659
1656.867372	75.99053724
1656.308978	76.11704603
1655.75096	76.29517836
1655.193318	76.5248243
1654.636051	76.80526311
1654.07916	77.13518442
1653.522643	77.51271568
1652.966501	77.93545547
1652.410732	78.40051221
1651.855337	78.90454773
1651.300316	79.44382517
1650.745667	80.01426056
1650.191391	80.61147739
1649.637487	81.23086356
1649.083954	81.86762999
1648.530793	82.51687013
1647.978003	83.17361971
1647.425583	83.83291601
1646.873534	84.48985593
1646.321854	85.13965229
1645.770545	85.77768751
1645.219604	86.39956436
1644.669032	87.00115294
1644.118828	87.57863364
1643.568992	88.12853539
1643.019524	88.64776904
1642.470423	89.13365539
1641.921689	89.58394767
1641.373322	89.99684837
1640.825321	90.37102014
1640.277685	90.70559091
1639.730415	91.00015314
1639.18351	91.25475737
1638.63697	91.46990026
1638.090794	91.64650731
1637.544982	91.7859106
1636.999534	91.88982195
1636.454449	91.96030185
1635.909726	91.99972467
1635.365367	92.01074068
1634.821369	91.99623531
1634.277733	91.95928632
1633.734459	91.90311949
1633.191546	91.83106326
1632.648993	91.74650306
1632.106801	91.65283597
1631.564969	91.55342602
1631.023497	91.45156107
1630.482383	91.35041148
1629.941629	91.25299129
1629.401233	91.16212221
1628.861196	91.08040098
1628.321516	91.01017039
1627.782194	90.95349432
1627.243229	90.91213695
1626.704621	90.88754659
1626.166369	90.8808439
1625.628473	90.89281499
1625.090933	90.92390904
1624.553749	90.97424066
1624.016919	91.04359674
1623.480444	91.13144767
1622.944323	91.23696265
1622.408557	91.35902898
1621.873144	91.49627472
1621.338084	91.64709466
1620.803377	91.80967898
1620.269023	91.98204425
1619.735021	92.1620663
1619.201371	92.3475145
1618.668072	92.53608686
1618.135124	92.72544562
1617.602528	92.91325266
1617.070282	93.09720431
1616.538386	93.2750652
1616.006839	93.44470042
1615.475643	93.60410588
1614.944795	93.75143621
1614.414296	93.88503006
1613.884146	94.00343226
1613.354343	94.10541281
1612.824888	94.18998227
1612.295781	94.25640347
1611.767021	94.30419951
1611.238607	94.33315778
1610.71054	94.34333015
1610.182819	94.33502938
1609.655443	94.30882173
1609.128413	94.26551605
1608.601728	94.20614944
1608.075388	94.13196982
1607.549392	94.04441562
1607.023739	93.94509295
1606.498431	93.83575057
1605.973466	93.71825315
1605.448844	93.59455302
1604.924564	93.46666107
1604.400627	93.33661699
1603.877032	93.20645949
1603.353778	93.07819681
1602.830866	92.95377795
1602.308294	92.83506507
1601.786063	92.72380741
1601.264173	92.62161709
1600.742623	92.52994719
1600.221412	92.45007227
1599.70054	92.38307175
1599.180008	92.3298162
1598.659814	92.2909569
1598.139958	92.26691859
1597.620441	92.25789568
1597.101261	92.26385175
1596.582418	92.28452255
1596.063913	92.31942223
1595.545744	92.36785275
1595.027911	92.42891638
1594.510415	92.50153097
1593.993254	92.58444784
1593.476428	92.67627195
1592.959938	92.77548409
1592.443782	92.88046468
1591.927961	92.98951896
1591.412473	93.10090298
1590.89732	93.21285025
1590.3825	93.32359848
1589.868012	93.43141606
1589.353858	93.53462794
1588.840036	93.63164051
1588.326546	93.72096511
1587.813388	93.80123983
1587.300562	93.8712493
1586.788067	93.92994226
1586.275902	93.97644648
1585.764068	94.01008105
1585.252564	94.0303657
1584.74139	94.03702714
1584.230546	94.03000222
1583.720031	94.00943806
1583.209845	93.97568891
1582.699987	93.92931011
1582.190458	93.8710489
1581.681256	93.80183256
1581.172383	93.72275382
1580.663836	93.63505389
1580.155617	93.54010335
1579.647724	93.43938109
1579.140158	93.33445181
1578.632918	93.22694224
1578.126003	93.11851649
1577.619414	93.01085088
1577.113151	92.90560873
1576.607212	92.80441533
1576.101597	92.70883345
1575.596307	92.62033999
1575.09134	92.54030379
1574.586697	92.46996513
1574.082378	92.41041717
1573.578381	92.36258961
1573.074707	92.32723472
1572.571355	92.30491609
1572.068326	92.29600014
1571.565618	92.30065057
1571.063231	92.31882582
1570.561166	92.3502796
1570.059421	92.39456433
1569.557997	92.45103775
1569.056893	92.51887223
1568.556109	92.59706695
1568.055644	92.68446255
1567.555499	92.77975821
1567.055672	92.88153074
1566.556165	92.98825559
1566.056975	93.09832927
1565.558104	93.21009301
1565.05955	93.32185722
1564.561314	93.43192649
1564.063395	93.53862459
1563.565793	93.64031933
1563.068507	93.73544673
1562.571538	93.82253423
1562.074884	93.90022259
1561.578546	93.96728617
1561.082523	94.02265122
1560.586816	94.06541206
1560.091423	94.09484472
1559.596344	94.11041797
1559.10158	94.1118016
1558.607129	94.09887164
1558.112992	94.0717127
1557.619168	94.03061716
1557.125657	93.97608136
1556.632459	93.90879878
1556.139573	93.82965034
1555.646999	93.73969191
1555.154737	93.64013924
1554.662786	93.53235055
1554.171147	93.41780696
1553.679818	93.2980911
1553.1888	93.17486422
1552.698092	93.04984201
1552.207694	92.92476969
1551.717605	92.80139654
1551.227827	92.68145032
1550.738357	92.56661196
1550.249196	92.45849088
1549.760343	92.35860128
1549.271799	92.26833982
1548.783562	92.18896484
1548.295634	92.12157772
1547.808012	92.06710638
1547.320698	92.02629127
1546.83369	91.99967415
1546.346989	91.98758964
1545.860594	91.9901599
1545.374505	92.0072923
1544.888721	92.0386803
1544.403243	92.08380739
1543.91807	92.14195424
1543.433201	92.2122087
1542.948637	92.29347877
1542.464378	92.38450816
1541.980422	92.4838944
1541.496769	92.59010907
1541.01342	92.70151997
1540.530374	92.81641492
1540.047631	92.93302675
1539.56519	93.04955926
1539.083051	93.16421368
1538.601215	93.27521518
1538.11968	93.38083926
1537.638446	93.47943742
1537.157513	93.56946183
1536.676881	93.64948862
1536.196549	93.71823948
1535.716518	93.77460112
1535.236786	93.81764251
1534.757354	93.8466294
1534.278222	93.86103609
1533.799388	93.86055416
1533.320854	93.84509802
1532.842617	93.81480724
1532.364679	93.77004558
1531.887039	93.71139669
1531.409697	93.63965656
1530.932652	93.55582284
1530.455904	93.46108104
1529.979453	93.35678805
1529.503299	93.24445285
1529.027441	93.12571505
1528.551879	93.00232128
1528.076612	92.87609988
1527.601641	92.74893426
1527.126965	92.62273531
1526.652584	92.49941316
1526.178498	92.38084883
1525.704706	92.26886616
1525.231208	92.16520429
1524.758004	92.07149133
1524.285094	91.98921941
1523.812477	91.91972157
1523.340153	91.86415085
1522.868121	91.82346191
1522.396382	91.79839532
1521.924935	91.78946508
1521.45378	91.79694913
1520.982917	91.82088353
1520.512345	91.86105992
1520.042064	91.91702669
1519.572073	91.98809367
1519.102374	92.0733404
1518.632965	92.17162783
1518.163845	92.2816133
1517.695016	92.40176865
1517.226476	92.53040124
1516.758225	92.66567745
1516.290263	92.80564859
1515.82259	92.94827857
1515.355205	93.09147319
1514.888108	93.2331105
1514.421299	93.37107182
1513.954778	93.50327299
1513.488544	93.62769542
1513.022597	93.74241641
1512.556937	93.84563836
1512.091564	93.93571642
1511.626476	94.01118415
1511.161675	94.07077681
1510.69716	94.11345187
1510.23293	94.13840654
1509.768985	94.14509187
1509.305325	94.13322329
1508.84195	94.10278744
1508.378859	94.05404495
1507.916053	93.98752939
1507.45353	93.90404207
1506.991292	93.80464296
1506.529336	93.69063763
1506.067664	93.5635605
1505.606274	93.42515456
1505.145167	93.27734774
1504.684343	93.12222639
1504.2238	92.96200608
1503.76354	92.79900015
1503.303561	92.63558655
1502.843863	92.47417326
1502.384446	92.31716287
1501.92531	92.16691686
1501.466455	92.02572
1501.00788	91.8957455
1500.549585	91.77902122
1500.09157	91.67739779
1499.633834	91.59251874
1499.176377	91.52579339
1498.7192	91.47837275
1498.262301	91.45112893
1497.805681	91.44463839
1497.349339	91.45916919
1496.893275	91.49467268
1496.437489	91.55077973
1495.98198	91.6268015
1495.526748	91.72173502
1495.071794	91.8342734
1494.617116	91.96282067
1494.162714	92.10551104
1493.708589	92.26023251
1493.25474	92.42465431
1492.801166	92.5962581
1492.347868	92.77237237
1491.894845	92.95020964
1491.442098	93.12690598
1490.989624	93.2995623
1490.537426	93.46528686
1490.085501	93.6212384
1489.633851	93.76466932
1489.182474	93.89296817
1488.73137	94.00370099
1488.28054	94.09465081
1487.829983	94.16385464
1487.379699	94.20963748
1486.929687	94.23064282
1486.479947	94.22585896
1486.030479	94.19464096
1485.581283	94.13672751
1485.132358	94.05225264
1484.683705	93.9417519
1484.235323	93.80616271
1483.787211	93.64681893
1483.33937	93.4654395
1482.891799	93.26411116
1482.444498	93.04526538
1481.997467	92.81164982
1481.550705	92.56629432
1481.104213	92.31247206
1480.65799	92.0536561
1480.212035	91.79347191
1479.76635	91.53564642
1479.320932	91.28395413
1478.875782	91.0421611
1478.430901	90.81396736
1477.986287	90.60294858
1477.54194	90.41249777
1477.09786	90.2457677
1476.654047	90.10561499
1476.210501	89.99454644
1475.767221	89.91466854
1475.324207	89.86764091
1474.88146	89.85463414
1474.438978	89.87629305
1473.996761	89.93270566
1473.554809	90.02337862
1473.113123	90.14721944
1472.671701	90.30252607
1472.230543	90.48698397
1471.78965	90.69767101
1471.349021	90.93107028
1470.908656	91.18309091
1470.468554	91.44909671
1470.028715	91.7239426
1469.589139	92.00201846
1469.149827	92.27730012
1468.710776	92.54340697
1468.271989	92.79366567
1467.833463	93.02117937
1467.395199	93.21890162
1466.957197	93.37971437
1466.519456	93.49650897
1466.081976	93.56226958
1465.644757	93.57015777
1465.207799	93.51359749
1464.771102	93.38635945
1464.334664	93.18264382
1463.898487	92.89716028
1463.462569	92.52520448
1463.026911	92.06272991
1462.591512	91.50641438
1462.156373	90.85371999
1461.721492	90.10294611
1461.28687	89.25327443
1460.852506	88.30480546
1460.4184	87.25858595
1459.984552	86.11662682
1459.550962	84.88191108
1459.11763	83.55839164
1458.684554	82.15097886
1458.251736	80.66551767
1457.819174	79.10875452
1457.386869	77.48829432
1456.95482	75.81254764
1456.523028	74.09066869
1456.091491	72.33248452
1455.66021	70.5484163
1455.229184	68.74939308
1454.798413	66.94675931
1454.367898	65.1521766
1453.937637	63.37752102
1453.50763	61.63477685
1453.077878	59.93592788
1452.64838	58.2928474
1452.219136	56.7171881
1451.790145	55.22027284
1451.361408	53.81298775
1450.932924	52.50567853
1450.504693	51.30805114
1450.076714	50.22907808
1449.648988	49.27691109
1449.221515	48.45880128
1448.794293	47.78102764
1448.367323	47.24883462
1447.940605	46.86637942
1447.514138	46.63668979
1447.087922	46.56163252
1446.661957	46.64189321
1446.236243	46.87696739
1445.810779	47.26516327
1445.385566	47.80361589
1444.960602	48.48831269
1444.535889	49.31413021
1444.111425	50.27488149
1443.68721	51.36337367
1443.263244	52.57147523
1442.839528	53.89019214
1442.41606	55.30975203
1441.992841	56.81969566
1441.56987	58.40897448
1441.147147	60.0660535
1440.724672	61.77901819
1440.302444	63.53568436
1439.880464	65.32370986
1439.458731	67.13070695
1439.037245	68.94435411
1438.616006	70.75250618
1438.195013	72.54330169
1437.774267	74.30526631
1437.353767	76.02741124
1436.933513	77.69932577
1436.513504	79.31126295
1436.093741	80.85421753
1435.674223	82.31999557
1435.25495	83.70127485
1434.835922	84.99165586
1434.417139	86.18570256
1433.998599	87.27897303
1433.580305	88.26803938
1433.162254	89.1504972
1432.744446	89.92496442
1432.326883	90.59106972
1431.909562	91.14943087
1431.492485	91.60162332
1431.075651	91.9501395
1430.659059	92.19833951
1430.24271	92.35039373
1429.826603	92.41121826
1429.410738	92.38640391
1428.995115	92.28213967
1428.579734	92.10513155
1428.164594	91.86251789
1427.749695	91.56178194
1427.335037	91.21066294
1426.92062	90.81706657
1426.506444	90.38897581
1426.092508	89.93436332
1425.678812	89.46110603
1425.265356	88.97690321
1424.85214	88.48919854
1424.439163	88.00510721
1424.026426	87.53134868
1423.613927	87.07418573
1423.201668	86.63937042
1422.789647	86.23209743
1422.377865	85.85696509
1421.966321	85.51794442
1421.555016	85.21835639
1421.143948	84.96085741
1420.733117	84.74743307
1420.322525	84.57940003
1419.912169	84.45741574
1419.502051	84.38149584
1419.092169	84.3510387
1418.682524	84.36485672
1418.273116	84.42121379
1417.863943	84.51786839
1417.455007	84.65212149
1417.046306	84.82086877
1416.637842	85.0206562
1416.229612	85.24773833
1415.821618	85.49813846
1415.413859	85.76770988
1415.006334	86.05219742
1414.599044	86.34729847
1414.191989	86.6487227
1413.785168	86.95224994
1413.37858	87.25378517
1412.972227	87.54941039
1412.566107	87.83543243
1412.160221	88.10842648
1411.754567	88.3652746
1411.349147	88.60319914
1410.94396	88.8197904
1410.539005	89.01302872
1410.134282	89.18130043
1409.729792	89.32340799
1409.325533	89.43857399
1408.921507	89.52643938
1408.517712	89.58705586
1408.114148	89.62087294
1407.710816	89.62871967
1407.307714	89.61178167
1406.904844	89.57157374
1406.502204	89.50990862
1406.099794	89.42886229
1405.697615	89.33073651
1405.295665	89.21801909
1404.893945	89.09334254
1404.492455	88.95944163
1404.091195	88.81911062
1403.690163	88.67516052
1403.289361	88.53037731
1402.888787	88.38748136
1402.488442	88.24908877
1402.088326	88.11767514
1401.688438	87.99554211
1401.288777	87.88478721
1400.889345	87.78727732
1400.49014	87.70462605
1400.091163	87.63817525
1399.692413	87.58898091
1399.29389	87.55780353
1398.895594	87.54510294
1398.497524	87.55103768
1398.099681	87.5754688
1397.702065	87.61796792
1397.304674	87.67782945
1396.90751	87.7540866
1396.510571	87.84553096
1396.113857	87.9507353
1395.717369	88.06807922
1395.321106	88.19577715
1394.925068	88.33190835
1394.529255	88.47444843
1394.133666	88.6213018
1393.738302	88.77033479
1393.343162	88.91940869
1392.948246	89.0664124
1392.553553	89.2092942
1392.159084	89.34609213
1391.764839	89.4749626
1391.370817	89.59420688
1390.977018	89.70229501
1390.583442	89.79788694
1390.190088	89.87985051
1389.796957	89.94727614
1389.404048	89.99948806
1389.011362	90.03605188
1388.618897	90.05677854
1388.226654	90.06172452
1387.834632	90.05118846
1387.442832	90.02570425
1387.051253	89.98603068
1386.659895	89.93313789
1386.268758	89.8681909
1385.877841	89.79253036
1385.487145	89.70765103
1385.096669	89.61517812
1384.706413	89.51684203
1384.316377	89.41445175
1383.92656	89.30986745
1383.536963	89.20497256
1383.147585	89.10164579
1382.758427	89.00173353
1382.369487	88.90702301
1381.980766	88.81921656
1381.592264	88.73990746
1381.20398	88.67055756
1380.815914	88.61247707
1380.428066	88.56680683
1380.040436	88.53450321
1379.653023	88.51632586
1379.265828	88.51282854
1378.878851	88.52435301
1378.49209	88.55102613
1378.105547	88.5927602
1377.71922	88.64925637
1377.333109	88.72001127
1376.947215	88.80432648
1376.561537	88.90132088
1376.176075	89.00994558
1375.790829	89.12900117
1375.405799	89.25715709
1375.020984	89.39297279
1374.636384	89.53492026
1374.251999	89.68140778
1373.86783	89.83080436
1373.483875	89.98146455
1373.100134	90.1317533
1372.716608	90.28007047
1372.333296	90.42487459
1371.950198	90.56470559
1371.567314	90.69820612
1371.184644	90.82414123
1370.802187	90.94141595
1370.419943	91.04909082
1370.037913	91.14639481
1369.656095	91.2327357
1369.27449	91.30770772
1368.893098	91.37109627
1368.511918	91.42287977
1368.13095	91.46322856
1367.750195	91.49250088
1367.369651	91.51123611
1366.989319	91.52014517
1366.609199	91.52009847
1366.229289	91.51211142
1365.849591	91.49732783
1365.470104	91.47700136
1365.090828	91.45247542
1364.711763	91.42516173
1364.332908	91.39651787
1363.954263	91.36802421
1363.575828	91.34116047
1363.197603	91.31738239
1362.819588	91.29809873
1362.441783	91.28464895
1362.064187	91.27828204
1361.6868	91.28013661
1361.309623	91.29122267
1360.932654	91.31240534
1360.555894	91.34439063
1360.179342	91.3877137
1359.802999	91.44272957
1359.426864	91.5096065
1359.050937	91.58832215
1358.675218	91.67866259
1358.299707	91.78022406
1357.924403	91.89241761
1357.549307	92.01447647
1357.174417	92.14546603
1356.799735	92.28429631
1356.425259	92.4297368
1356.050991	92.58043332
1355.676928	92.7349268
1355.303072	92.89167359
1354.929422	93.04906717
1354.555978	93.2054607
1354.18274	93.35919034
1353.809707	93.50859887
1353.43688	93.65205931
1353.064259	93.78799813
1352.691842	93.91491787
1352.31963	94.0314187
1351.947623	94.13621867
1351.575821	94.22817237
1351.204223	94.30628771
1350.832829	94.36974059
1350.46164	94.41788726
1350.090654	94.45027418
1349.719873	94.46664518
